---------------------------------
日 期 2015.09.08    实 验 者  
---------------------------------

------------
第一次游戏
------------
sqlite:24;17;11;21;26;41;51;48;60;61;60;90;83;64;61;40;38;41;26;27;41;41;60;54;40;48;38;48;56;51;51;53;48;51;54;53;43;27;34;30;34;40;24;24;29;30;38;40;40;40;40;35;35;35;44;35;40;44;43;51;53;53;57;56;53;35;23;24;34;56;47;53;44;48;63;54;48;38;41;41;38;47;44;48;48;56;67;69;78;77;56;50;47;35;41;37;16;21;21;17;34;44;56;61;74;69;69;84;84;83;57;56;41;37;41;27;30;34;41;35;44;44;53;75;66;64;54;41;47;56;63;66;57;43;37;43;63;75;67;63;67;69;84;83;64;61;57;66;56;60;64;56;61;60;51;54;66;67;70;70;70;77;70;61;60;53;61;63;61;66;56;57;57;57;57;43;40;54;60;67;67;50;40;50;57;74;84;69;69;40;23;10;16;26;37;48;57;67;69;64;64;66;57;66;66;63;56;51;50;43;38;47;57;54;75;91;78;88;77;66;48;48;44;38;51;48;56;60;70;80;69;81;66;57;66;48;47;37;29;38;50;54;53;54;53;50;61;66;57;50;44;34;41;63;63;57;53;57;56;50;56;43;40;56;57;56;56;35;44;41;35;35;56;54;61;70;66;56;61;70;78;90;81;70;50;48;57;67;80;67;61;53;50;54;64;57;57;56;48;56;57;63;64
gamescore:39;77;112;144;208;512;722;1130;1376;2480;4014;7632;13446;33816;33854;33928;34004;34252;34504;34520;34548;34692;34972;35009;35085

------------
第二次游戏
------------
sqlite:53;53;53;53;60;66;74;61;67;67;63;69;48;57;61;67;83;69;70;64;64;61;60;56;50;63;53;57;60;57;67;69;77;70;50;41;35;34;30;35;37;35;60;54;43;48;47;50;53;56;61;66;81;80;74;70;63;54;63;63;67;75;64;67;69;60;69;74;63;64;53;54;57;63;60;54;54;54;56;61;74;60;56;57;38;56;66;44;60;53;50;64;53;54;53;64;74;70;66;69;51;51;60;43;74;75;61;47;30;26;37;54;61;53;56;57;54;66;60;51;44;40;37;34;47;48;51;54;54;75;81;94;97;84;78;57;35;30;23;40;43;38;53;38;43;40;27;44;37;37;44;35;26;38;38;50;53;60;83;83;77;67;50;56;57;56;56;60;64;64;67;74;60;63;51;51;51;51;34;41;41;53;57;66;69;78;74;63;57;48;44;50;53;54;67;57;66;66;66;91;69;61;60;44;50;51;43;37;44;40;41;48;48;67;66;63;57;51;51;40;30;38;47;53;63;57;54;47;53;26;21;21;21;43;37;47;38;35;53;50;66;66;74;83;84;87;80;75;64;66;47;47;40;44;63;75;63;48;51;35;47;64;60;69;56;51;56;56;70;69;66;70;78;80;84;64;60;54;41;51;40;47;50;54;66;57;56;44;51;53;48;44;40;50;41;44;43;16;37;38;40;60
gamescore:38;116;268;580;832;1264;2002;2041;2067;2215;2519;2589;2628;2660;2700;2718;2752;2768;2786;2820;2896

------------
第一次休息
------------
sqlite:27;24;26;14;29;34;34;34;34;27;35;34;38;38;41;35;23;29;44;56;60;47;24;29;37;47;56;48;50;63;56;54;60;38;38;38;21;11;1;4;10;14;14;14;14;14;14;16;29;64;70;77;70;56;63;64;50;50;40;41;48;40;50;47;60;67;69

------------
第二次休息
------------
sqlite:35;30;30;30;27;35;35;47;63;64;66;54;40;40;44;40;43;43;27;30;30;29;43;38;38;29;26;26;23;26;23;17;24;26;17;11;10;26;34;37;41;17;4;8;1;3;11;1;16;34;38;44;35;34;24;27;29;20;21;37;35;47;44