---------------------------------
日 期 2015.10.09    实 验 者  
---------------------------------

------------
第一次游戏
------------
sqlite:81;54;43;29;38;53;47;56;44;37;30;29;41;47;66;69;74;66;57;60;53;56;53;53;53;61;63;60;74;75;70;77;51;47;50;53;66;61;61;63;64;57;56;53;43;41;40;53;57;56;61;44;60;69;69;78;67;60;43;35;29;38;44;40;56;51;40;40;24;29;37;40;34;29;35;37;43;44;40;51;43;30;29;24;35;50;60;53;56;44;47;53;44;51;50;50;48;48;48;40;47;41;48;47;37;37;23;26;37;38;34;27;26;29;40;44;41;44;40;53;54;50;51;37;44;35;34;40;30;34;30;35;43;44;50;48;34;43;40;17;27;21;16;29;30;26;29;41;41;48;50;38;30;30;34;35;34;16;16;29;14;40;40;29;44;29;34;44;67;81;77;61;40;24;30;23;34;38;30;29;23;16;21;29;27;37;47;54;48;38;35;40;43;43;34;24;43;40;43;43;27;47;40;43;37;44;50;44;41;41;34;34;35;41;41;37;44;48;44;38;35;35;40;48;40;38;24;17;20;20;21;24;37;38;40;47;51;44;29;16;21;30;48;48;43;47;37;37;41;53;43;41;30;26;27;44;43;34;47;48;48;51;38;27;35;44;43;48;37;48;35;23;24;43;34;21;26;24;29;38;38
gamescore:16.718;12.787;13.220;18.526;13.930;15.481;16.9;14.924;13.235;13.574;14.559;16.103;14.571;15.247;13.836;15.127

------------
第二次游戏
------------
sqlite:94;77;54;54;51;83;83;83;70;74;38;48;44;43;50;57;51;50;53;47;50;54;57;48;51;56;69;51;70;87;60;51;60;83;66;74;66;66;63;69;63;69;84;74;80;60;61;77;88;83;50;75;53;53;61;60;47;51;56;60;43;37;67;74;70;64;60;51;61;57;54;53;37;24;23;37;61;63;41;64;54;43;60;57;64;47;57;81;81;66;64;60;56;54;69;64;56;38;27;69;61;44;54;61;78;64;66;38;53;60;38;35;27
gamescore:16.650;16.572;13.779;15.105;13.464;13.187;14.36;16.314;14.264;14.464;16.508;14.236;17.30;13.658;16.574;13.371

------------
第一次休息
------------
sqlite:26;40;40;40;40;40;37;54;87;87;74;64;61;37;44;41;41;41;41;41;41;41;41;41;41;41;54;63;63;69;69;78;74;63;74;77;83;97;93;91;80;83;84;84;100;90;100;91;67;87;81;100;100;100;100;100;100;100;100;81

------------
第二次休息
------------
sqlite:35;29;27;17;30;66;80;75;69;48;48;51;57;51;53;43;43;38;8;13;11;38;43;47;60;41;41;48;41;43;34;50;53;67;67;61;63;77;90;67;75;88;100