---------------------------------
日 期 2015.10.09    实 验 者  
---------------------------------

------------
第一次游戏
------------
sqlite:43;50;54;53;50;51;27;27;27;29;64;67;77;64;48;57;53;63;87;83;83;83;69;54;54;41;44;41;60;75;69;69;67;57;61;47;38;37;40;57;57;56;56;56;56;56;41;41;38;37;35;35;24;30;30;26;24;26;30;35;37;29;21;20;27;43;48;61;57;56;67;66;74;66;64;61;57;63;56;56;60;60;53;37;30;23;24;48;47;53;60;47;51;44;35;43;44;56;64;56;56;48;51;70;57;64;64;80;67;93;88;69;70;70;48;43;47;34;34;37;34;38;41;41;50;48;66;61;50;40;29;37;40;57;51;54;53;51;40;27;30;26;34;47;48;43;48;38;51;56;61;63;50;51;43;56;56;60;61;57;56;43;51;60;54;75;60;41;35;35;48;53;61;64;57;56;56;41;38;40;43;48;53;44;38;35;35;48;64;74;69;66;60;54;54;53;63;51;64;60;47;60;47;63;61;54;54;38;53;63;75;77;70;69;66;70;69;66;60;67;78;78;88;87;78;74;70;75;81;84;67;43;40;34;37;40;38;54;63;64;66;56;70;80;74;77;66;56;64;63;67;84;81;66;64;51;57;67;63;69;64;75;78;88;84;84;80;66;69;67;57;53;50;44;48;53;57;54;53;53;57;56;69;61;53;54;50;57;51;50;54;47;48;40;27;35;41;41;57;66;64;83
gamescore:13.209;13.932;13.849;15.894;13.652;14.967;13.936;15.378;14.981;17.556;11.980;15.442;16.301;15.256;14.977;15.894

------------
第二次游戏
------------
sqlite:75;83;84;84;69;57;63;56;63;60;54;69;63;57;51;35;47;44;40;44;44;67;80;77;77;80;84;94;100;91;100;94;90;90;66;57;56;44;53;53;64;69;70;80;83;67;77;66;47;50;48;53;61;57;66;61;66;63;56;57;51;51;66;64;67;67;63;69;63;70;67;51;50;44;53;60;50;54;47;53;74;54;56;57;54;63;69;61;50;56;48;50;48;44;44;47;40;51;53;48;51;47;48;48;57;61;57;60;44;53;48;37;37;35;50;57;56;53;44;54;64;66;63;50;41;47;54;66;78;81;77;81;74;74;66;67;61;53;63;44;51;41;48;64;60;67;67;51;64;63;41;47;53;53;53;61;64;40;47;50;54;70;74;69;54;47;21;21;26;34;43;34;26;27;43;51;53;38;23;26;34;47;48;50;47;40;41;44;37;27;23;37;47;63;70;61;60;53;43;38;37;48;56;57;69;48;50;50;38;38;38;38;50;67;57;57;53;57;61;66;63;50;60;48;43;47;47;34;43;41;41;56;53;53;41;24;23;27;34;35;41;40;43;47;43;57;54;50;48;44;51;63;61;63;56;57;64;44;47;48;47;64;67;81;81;74;63;63;44;44;53;44;60;60;53;64;61;60;61;61;51;44;44;44;44;44;37;37;37;37;37;37;37;37;0;0;0;0;0;0;0;23
gamescore:14.465;17.820;17.229;12.437;15.701;15.978;16.836;17.857;14.88;16.224;15.309;15.428;14.897;18.835;15.65;14.728

------------
第一次休息
------------
sqlite:1;1;1;3;16;50;56;38;23;1;1;1;14;16;10;37;29;44;70;35;27;27;14;1;1;20;4;10;1;1;26;53;63;54;41;38;56;61;74;67;69;54;40;47;29;35;50;43;54;69;64;78;70;63;54;30;30;35;26;35

------------
第二次休息
------------
sqlite:74;75;56;50;34;30;50;54;67;70;77;77;80;77;69;69;66;75;60;50;64;50;77;69;54;61;56;48;64;67;61;57;51;41;48;75;66;67;61;53;54;63;69;78;75;67;50;41;60;66;78;84;70;64;54;51;51;54;63;60