---------------------------------
日 期 2015.10.07    实 验 者  
---------------------------------

------------
第一次游戏
------------
sqlite:94;78;69;48;50;60;64;77;64;56;60;64;43;56;44;35;60;47;64;67;74;66;64;53;61;75;74;91;75;66;56;53;37;37;51;43;54;51;47;50;56;57;53;56;50;77;83;84;93;83;87;75;69;66;51;61;57;50;61;61;69;75;69;63;54;57;66;63;61;53;50;63;70;75;74;60;69;70;78;88;80;87;70;70;60;56;53;54;60;61;64;75;87;88;64;56;44;40;56;51;50;57;41;44;54;56;77;57;48;60;50;64;54;38;44;54;56;53;64;60;70;64;54;51;57;60;53;54;44;50;60;61;66;77;69;56;51;40;38;40;40;44;50;56;56;44;43;47;44;60;56;57;63;51;41;40;41;43;69;77;66;75;56;57;64;57;61;48;51;51;51;61;60;60;70;70;69;74;57;57;57;51;50;50;56;70;75;78;67;51;57;41;48;51;48;63;63;60;67;75;64;69;63;44;44;48;24;40;23;11;35;27;48;57;38;30;17;10;13;20;38;44;60;47;50;53;44;44;35;30;47;61;66;51;43;50;50;64;56;37;41;38;50;63;48;51;40;44;57;61;77;54;47;41;30;56;63;67;69;53;47;44;60;60;61;61;61;75;75;70;70;67;64;53;41;34;40;53;47;54;48;47;41;44;50;43;51;47;35;50;60;57;66;63;60;63;57;43;41;35;35;40
gamescore:18.32;19.540;20.664;26.360;19.786;21.860;17.792;22.169;21.943;18.634;20.518;22.185

------------
第二次游戏
------------
sqlite:48;61;60;75;66;54;56;48;54;61;54;64;69;54;43;27;24;37;40;48;35;37;47;47;37;35;23;16;29;41;43;47;53;44;50;34;20;21;23;44;50;61;44;44;60;38;61;47;34;48;43;54;60;44;38;30;37;38;41;56;56;64;74;54;38;44;27;34;29;21;43;48;56;57;48;51;61;56;53;50;29;37;37;50;63;61;63;51;50;30;29;26;21;47;56;50;50;38;40;34;34;27;27;30;47;48;47;54;41;41;40;48;54;66;66;64;66;56;54;60;56;64;69;53;56;43;47;57;56;74;64;69;69;66;67;56;61;64;66;60;54;40;41;43;48;54;47;61;61;57;74;67;67;75;54;57;61;56;53;44;24;14;26;34;57;61;54;54;56;56;64;69;63;75;67;63;66;54;50;41;35;51;69;77;94;91;81;67;40;34;27;50;51;56;69;57;64;60;44;41;47;51;61;64;63;53;51;56;57;74;69;74;57;43;56;41;57;61;40;37;35;37;53;60;41;37;23;4;17;23;40;63;57;54;34;34;17;29;40;34;44;29;21;16;34;17;30;17;7;44;35;57;66;63;75;81;83;74;64;61;63;61;67;67;54;51;50;48;63;61;64;64;57;63;67;61;63;63;56;61;63;64;56;53;53;50;50;50;51;60;57;54;48;38;50;54;57;67;69;67;63;57
gamescore:19.946;18.657;17.456;20.146;16.280;20.191;23.361;16.547;19.739;20.457;17.373;22.628;15.564

------------
第一次休息
------------
sqlite:44;30;21;26;37;51;66;60;61;67;80;100;100;87;90;88;88;88;64;54;56;78;100;100;87;93;74;81;70;35;21;1;11;23;17;14;23;30;64;91;83;78;66;67;50;56;53;47;70;64;69;64;53;54;48;57;61;53;69;67

------------
第二次休息
------------
sqlite:51;56;74;70;64;60;48;47;47;54;48;57;51;50;60;48;43;43;38;38;66;61;60;66;51;47;40;43;37;51;66;64;64;64;60;50;38;37;27;20;30;40;37;56;48;37;53;47;47;50;37;37;41;66;63;67;67;34;34;34