---------------------------------
日 期 2015.10.08    实 验 者  
---------------------------------

------------
第一次游戏
------------
sqlite:8;17;40;41;34;23;26;34;30;56;60;69;69;61;43;38;41;29;43;40;40;38;50;23;38;43;48;63;53;48;38;47;38;43;30;37;41;29;43;34;35;40;27;20;20;11;11;23;17;23;29;11;16;24;34;51;53;63;63;47;43;43;44;57;60;48;43;44;34;24;14;8;21;16;34;38;23;37;40;41;37;34;24;21;26;23;27;14;34;50;54;69;47;43;29;29;38;38;38;20;30;23;34;60;47;54;35;8;1;3;29;61;67;53;38;24;30;38;48;27;27;20;26;35;24;29;8;8;30;38;41;47;38;23;27;34;38;50;53;43;27;7;10;16;16;26;11;20;30;38;57;53;44;48;40;47;57;54;54;37;37;40;24;38;38;29;35;35;37;48;50;56;64;44;38;24;14;40;48;40;26;13;13;23;30;17;16;27;37;40;38;29;20;23;44;64;69;60;50;37;37;54;48;37;40;48;54;64;64;60;60;48;44;43;17;34;35;47;66;56;57;56;67;66;66;63;57;74;61;57;51;44;51;50;53;51;60;83;87;90;83;60;56;61;78;81;78;64;44;57;61;69;63;30;38;29;51;66;43;67;70;83;90;77;66;60;78;66;63;53;40;56;70;75;70;77;50;51;64;30;48;54;60;78;87;81;61;57;50;61;74;81;83;84;83;84;80;61;63;60;69;81
gamescore:15.678;15.636;18.889;20.159;15.747;20.719;18.923;15.135;15.923;14.892;16.18;12.728;15.438;19.798;16.78

------------
第二次游戏
------------
sqlite:35;37;30;38;37;20;14;1;1;20;23;24;35;48;43;48;43;26;29;40;34;34;26;7;20;27;41;47;40;24;24;26;20;20;14;10;11;11;35;40;50;53;29;20;8;4;1;1;1;8;11;26;27;10;13;1;1;13;16;24;30;24;13;17;14;10;24;14;10;16;4;23;24;30;37;30;35;41;47;41;47;21;30;35;26;47;47;43;38;29;21;23;35;35;40;51;34;40;40;35;50;54;51;48;35;38;29;24;35;41;48;44;37;35;48;56;69;54;47;51;47;47;43;34;27;44;53;44;43;29;37;43;41;48;43;38;48;41;50;64;56;57;41;29;37;41;41;34;26;35;44;60;69;51;41;47;43;54;69;70;56;54;43;34;44;35;38;43;44;43;56;53;61;77;61;50;35;35;27;51;53;41;40;29;34;48;53;47;50;38;35;50;34;26;34;29;50;50;53;44;34;38;35;41;53;67;63;66;50;38;47;35;44;44;56;60;66;69;44;48;40;37;40;34;47;44;37;41;35;30;47;43;51;61;51;69;66;57;60;38;26;30;38;43;54;50;37;35;26;24;40;48;43;38;21;27;37;47;67;56;50;51;54;57;57;48;40;34;47;44;47;50;51;63;64;54;40;50;43;57;66;57;53;70;78;78;78;57;57;56;64;69;60;54;53;44;47;56;41;40;41
gamescore:13.840;16.493;16.316;18.361;17.33;14.220;17.25;15.855;13.958;17.560;16.184;12.13;15.293;14.873;15.825;13.580

------------
第一次休息
------------
sqlite:38;47;41;40;30;21;30;37;30;34;23;14;37;48;53;53;38;24;24;35;44;47;35;26;20;23;35;38;34;38;34;10;4;1;1;1;4;43;38;48;38;1;14;10;13;27;13;17;23;47;53;60;63;30;38;34;23;35;24;7

------------
第二次休息
------------
sqlite:17;34;16;21;21;16;20;17;8;13;20;27;35;21;23;16;17;35;24;24;13;7;11;13;23;21;24;29;38;26;23;17;4;14;13;7;11;4;3;13;14;26;26;34;29;29;13;17;1;1;1;8;17;10;3;4;7;34;51;50;54